pulseBlueToRed:80,1,50,127,-16776961,-65536:80,1,50,127,-16776961,-65536:80,1,50,127,-16776961,-65536:80,1,50,127,-16776961,-65536:80,1,50,127,-16776961,-65536
pulseGreenToBlack:80,1,10,127,-16711936,-16777216:80,1,10,127,-16711936,-16777216:80,1,10,127,-16711936,-16777216:80,1,10,127,-16711936,-16777216:80,1,10,127,-16711936,-16777216
rainbowFast:65,1,17,127,-1,-1:65,1,17,127,-1,-1:65,1,17,127,-1,-1:65,1,17,127,-1,-1:65,1,17,127,-1,-1
rainbowSlowDim:65,1,127,15,-1,-1:65,1,127,15,-1,-1:65,1,127,15,-1,-1:65,1,127,15,-1,-1:65,1,127,15,-1,-1
rainbowPeak:65,3,17,127,-1,-1:65,3,17,127,-1,-1:65,3,17,127,-1,-1:65,3,17,127,-1,-1:65,3,17,127,-1,-1
rainbowDither:65,5,17,127,-1,-1:65,5,17,127,-1,-1:65,5,17,127,-1,-1:65,5,17,127,-1,-1:65,5,17,127,-1,-1
easterPastels:64,1,17,127,-1,-1:64,1,17,127,-1,-1:64,1,17,127,-1,-1:64,1,17,127,-1,-1:64,1,17,127,-1,-1
bluePinkDim:71,1,17,13,-65466,-16776961:71,1,17,13,-65466,-16776961:71,1,17,13,-65466,-16776961:71,1,17,13,-65466,-16776961:71,1,17,13,-65466,-16776961
flickerFourFast:63,1,17,127,-1,-1:63,1,17,127,-1,-1:63,1,17,127,-1,-1:63,1,17,127,-1,-1:63,1,17,127,-1,-1
rainbowCycle:66,1,17,127,-1,-1:66,1,17,127,-1,-1:66,1,17,127,-1,-1:66,1,17,127,-1,-1:66,1,17,127,-1,-1
bluePinkRain:70,1,17,127,-16776961,-65536:70,1,17,127,-16776961,-65536:70,1,17,127,-16776961,-65536:70,1,17,127,-16776961,-65536:70,1,17,127,-16776961,-65536
yellowGreenRain:70,1,17,127,-256,-16711936:70,1,17,127,-256,-16711936:70,1,17,127,-256,-16711936:70,1,17,127,-256,-16711936:70,1,17,127,-256,-16711936
blueTurqStripes:76,2,17,127,-16776961,-16711818:76,2,17,127,-16776961,-16711818:76,2,17,127,-16776961,-16711818:76,2,17,127,-16776961,-16711818:76,2,17,127,-16776961,-16711818
redGapChase:77,1,17,127,-16777216,-65536:77,1,17,127,-16777216,-65536:77,1,17,127,-16777216,-65536:77,1,17,127,-16777216,-65536:77,1,17,127,-16777216,-65536
redGreenStrobe:75,1,64,127,-65536,-16711936:75,1,64,127,-65536,-16711936:75,1,64,127,-65536,-16711936:75,1,64,127,-65536,-16711936:75,1,64,127,-65536,-16711936
vuMeterTurqOrange:78,1,15,127,-16711861,-46336:78,1,15,127,-16711861,-46336:78,1,15,127,-16711861,-46336:78,1,15,127,-16711861,-46336:78,1,15,127,-16711861,-46336
whiteRain:70,1,17,127,-1,-16777216:70,1,17,127,-1,-16777216:70,1,17,127,-1,-16777216:70,1,17,127,-1,-16777216:70,1,17,127,-1,-16777216
purpleBlueStripes:76,3,17,127,-65281,-16711681:76,3,17,127,-65281,-16711681:76,3,17,127,-65281,-16711681:76,3,17,127,-65281,-16711681:76,3,17,127,-65281,-16711681
teeth:78,3,50,127,-1,-16777216:78,3,50,127,-1,-16777216:78,3,50,127,-1,-16777216:78,3,50,127,-1,-16777216:78,3,50,127,-1,-16777216
chaseInverted:77,3,9,127,-65536,-16777196:77,3,9,127,-65536,-16777196:77,3,9,127,-65536,-16777196:77,3,9,127,-65536,-16777196:77,3,9,127,-65536,-16777196
sineGreenPurp:71,1,17,127,-16711936,-2948865:71,1,17,127,-16711936,-2948865:71,1,17,127,-16711936,-2948865:71,1,17,127,-16711936,-2948865:71,1,17,127,-16711936,-2948865
sineRedBlue:71,1,17,127,-65536,-16776961:71,1,17,127,-65536,-16776961:71,1,17,127,-65536,-16776961:71,1,17,127,-65536,-16776961:71,1,17,127,-65536,-16776961
strobeWhite:75,1,17,127,-1,-16777216:75,1,17,127,-1,-16777216:75,1,17,127,-1,-16777216:75,1,17,127,-1,-16777216:75,1,17,127,-1,-16777216
*blueSparkle:68,1,2,127,-1,-16777216:63,1,2,127,-16730881,-16777216:63,1,2,127,-16495105,-16777216:70,1,20,127,-16711681,-16777216:69,1,2,127,-16740865,-16777216
*cymkStrobe:75,1,10,127,-1,-16777216:75,1,10,127,-65281,-16777216:75,1,10,127,-16711681,-16777216:75,1,10,127,-256,-16777216:75,1,10,127,-1,-16777216
*cymkWipes:70,3,30,127,-1,-16777216:70,3,30,127,-16711681,-16777216:70,3,30,127,-256,-16777216:70,3,30,127,-130817,-16777216:63,3,30,127,-1,-16777216
*cymkValley:78,4,30,127,-1,-16777216:78,4,30,127,-16711681,-16777216:78,4,30,127,-256,-16777216:78,4,30,127,-130817,-16777216:78,4,30,127,-1,-16777216
*whiteTrader:75,1,15,127,-1,-16777216:75,1,15,127,-1,-16777216:75,1,15,127,-16777216,-1:75,1,15,127,-1,-16777216:75,1,15,127,-16777216,-1
*raraBoxes:68,1,0,127,-16777216,-16777216:68,1,0,127,-16777216,-16777216:68,1,0,127,-16777216,-16777216:70,1,0,127,-65536,-16777196:68,1,0,127,-16777216,-16777216